83031311215
67122667539
57111664292
49061339157
78090971256
70121624498
70082253278
98090736451
71063091339
63112695216
76031868443
53032432686
07320982726
97033096584
05280743348
62121275286
51120584697
06211445119
57011583419
91052693355
84082368775
87030127356
51030699256
84031819734
60112248871
66042647719
83073072291
96082642333
65022613458
82011469599
00280171799
91021159154
79061491717
52013052554
05281089995
56031822317
86091565284
50012527965
04291272542
90022626548
97112833246
91071066688
00261949364
80051969129
02312065746
70020267165
02260342742
62020248486
48071179647
61101812349
93052273942
52060348365
05232733447
88123154167
62123154242
92071247189
51020642147
88030656844
87021667221
53101223643